ID,Name,Age,Gender,Steps,CaloriesBurned,HoursSleep,WaterIntake,WorkoutHours,HeartRate,BMI
1,Aman1,26,Male,11024,378,5.1,1.4,2.2,94,19.0
2,Sneha2,18,Female,6070,373,5.5,3.4,1.7,94,23.0
3,Divya3,26,Female,3212,313,7.6,2.4,0.5,81,19.2
4,Anjali4,29,Female,14270,768,5.7,1.2,1.4,67,29.7
5,Kavya5,35,Female,12606,793,7.3,4.4,1.7,64,18.5
6,Sumit6,27,Male,5614,388,8.4,2.5,1.4,83,20.0
7,Pooja7,26,Female,5339,773,7.4,3.1,0.7,89,22.6
8,Rajat8,28,Male,4832,384,8.2,4.2,1.2,64,20.5
9,Pooja9,33,Female,15964,808,6.6,2.1,0.7,95,24.5
10,Divya10,30,Female,14861,374,9.0,1.6,1.5,63,28.3
11,Mohit11,23,Male,16833,760,4.8,2.5,3.0,93,21.0
12,Rajat12,21,Male,11743,806,6.0,2.2,0.5,60,29.4
13,Sonal13,23,Female,19635,258,8.4,2.2,1.9,98,20.4
14,Reema14,23,Female,3018,763,6.0,1.1,2.8,79,20.9
15,Ramesh15,20,Male,5806,899,6.7,1.3,2.3,68,19.5
16,Aarti16,23,Female,11685,690,8.4,2.7,0.6,94,27.1
17,Naveen17,27,Male,16074,837,7.4,2.8,1.6,67,21.0
18,Deepak18,18,Male,10540,752,5.5,1.3,1.9,74,18.8
19,Deepak19,20,Male,19847,393,5.8,2.9,1.6,96,24.9
20,Manish20,31,Male,9239,246,4.9,2.7,1.3,89,28.4
21,Rajat21,21,Male,4986,562,7.8,4.2,0.3,72,20.3
22,Neha22,31,Female,9012,435,6.6,4.5,0.2,95,19.2
23,Arjun23,25,Male,8449,566,6.7,1.9,1.2,63,20.0
24,Harsh24,26,Male,17909,442,6.4,4.8,3.0,95,25.9
25,Neha25,24,Female,12722,372,8.9,3.3,1.6,80,18.7
26,Sonal26,34,Female,8158,208,8.8,1.3,0.6,98,18.8
27,Harsh27,21,Male,11067,742,7.2,3.5,1.3,97,24.8
28,Simran28,24,Female,13295,394,5.7,1.5,1.9,89,21.8
29,Aman29,32,Male,6276,225,6.9,3.0,0.4,82,28.6
30,Yash30,27,Male,8169,598,8.3,3.8,1.8,93,18.1
31,Sakshi31,21,Female,7400,420,5.0,1.4,1.7,77,21.4
32,Naveen32,28,Male,9671,853,7.4,2.1,1.5,63,19.1
33,Simran33,19,Female,3116,491,8.0,3.5,0.8,88,24.6
34,Aarti34,18,Female,6665,227,8.8,3.8,0.4,62,28.0
35,Abhishek35,22,Male,4370,465,6.1,4.7,2.9,62,28.8
36,Rajat36,25,Male,6368,512,8.0,4.5,1.2,99,27.0
37,Karan37,23,Male,16510,175,5.3,4.7,2.3,86,27.6
38,Varun38,23,Male,6542,541,8.4,4.4,0.7,89,22.2
39,Aditya39,18,Male,9328,558,6.0,4.5,2.9,77,22.2
40,Sakshi40,35,Female,13851,178,5.0,4.9,0.5,76,18.5
41,Muskan41,28,Female,17299,770,8.9,1.5,2.7,72,21.1
42,Priya42,34,Female,9456,522,6.4,4.8,2.8,99,21.8
43,Ayush43,27,Male,19617,466,7.5,2.3,2.1,95,19.5
44,Sakshi44,30,Female,8702,780,7.1,2.6,2.5,79,21.4
45,Divya45,28,Female,18236,602,6.5,1.9,1.4,70,25.9
46,Sonal46,28,Female,6060,390,7.5,1.9,0.6,61,18.6
47,Pallavi47,20,Female,17923,574,8.5,3.3,2.2,84,23.9
48,Vikas48,18,Male,6492,585,5.5,4.2,2.1,89,18.6
49,Rohit49,32,Male,7369,625,7.5,5.0,1.8,88,25.4
50,Aarti50,32,Female,8215,636,6.5,4.0,2.5,77,27.2
51,Kirti51,25,Female,11998,600,4.8,2.1,0.8,80,28.7
52,Vikas52,22,Male,10577,542,7.6,3.8,0.2,86,22.0
53,Payal53,19,Female,9777,580,6.3,4.1,2.8,61,28.3
54,Nandini54,18,Female,14526,455,7.9,4.4,2.9,86,24.5
55,Manish55,25,Male,11943,596,6.7,2.6,2.0,85,26.7
56,Neha56,35,Female,3883,553,7.2,3.7,0.3,87,19.6
57,Meera57,19,Female,11524,538,6.0,2.8,1.0,84,21.3
58,Simran58,20,Female,18411,169,7.9,1.2,2.9,74,25.8
59,Sumit59,18,Male,11102,354,8.3,3.5,0.7,90,26.0
60,Sachin60,26,Male,15087,321,7.2,4.9,2.2,70,29.6
61,Ramesh61,18,Male,13222,739,7.5,4.8,1.2,72,18.9
62,Rohit62,27,Male,6966,729,8.0,2.4,1.3,83,18.8
63,Priya63,31,Female,19062,258,6.5,2.4,2.7,89,26.5
64,Meera64,34,Female,11850,780,8.1,3.2,1.5,87,27.9
65,Shreya65,25,Female,5839,435,8.5,2.0,1.4,99,26.0
66,Priya66,33,Female,13650,336,6.7,2.4,0.8,77,28.6
67,Aarti67,18,Female,19928,345,4.9,3.9,1.5,75,26.3
68,Komal68,18,Female,6049,451,5.5,3.8,0.9,97,22.4
69,Payal69,35,Female,13839,510,7.7,2.1,0.8,67,26.7
70,Anjali70,35,Female,9066,346,5.5,2.9,2.2,93,25.2
71,Raj71,27,Male,10454,519,5.3,1.1,1.6,77,18.5
72,Vivek72,27,Male,7137,803,8.4,3.0,2.6,96,21.4
73,Komal73,28,Female,9041,202,5.6,4.4,0.3,64,22.8
74,Ramesh74,19,Male,7971,302,8.2,4.8,0.3,75,19.4
75,Pallavi75,25,Female,15464,611,8.6,2.2,1.8,87,21.7
76,Shubham76,21,Male,9808,790,5.4,3.6,0.5,71,24.6
77,Aman77,31,Male,17762,855,7.2,2.2,0.7,78,26.4
78,Kavya78,25,Female,11668,790,7.2,4.2,0.6,67,24.5
79,Varun79,22,Male,5339,211,5.2,2.2,2.2,96,29.1
80,Anjali80,32,Female,12964,866,6.3,2.1,1.6,88,19.0
81,Abhishek81,28,Male,11204,176,4.9,4.8,2.5,96,25.0
82,Sumit82,26,Male,4318,329,6.6,3.6,2.7,71,30.0
83,Kirti83,33,Female,5989,631,6.1,2.3,2.0,70,22.0
84,Tanya84,30,Female,4202,615,4.9,2.0,0.3,85,28.4
85,Rajat85,35,Male,18138,573,4.7,3.1,1.9,91,25.5
86,Raj86,26,Male,7293,444,6.5,3.8,0.4,100,25.3
87,Naveen87,23,Male,13182,714,4.6,2.6,0.7,67,23.5
88,Mohit88,22,Male,19330,883,5.8,3.8,1.2,90,29.8
89,Sachin89,35,Male,7739,542,5.4,3.4,2.2,68,28.4
90,Reema90,31,Female,14137,669,5.7,1.0,2.2,97,25.0
91,Neha91,32,Female,18870,503,6.0,4.1,1.1,80,28.4
92,Ramesh92,30,Male,10653,570,4.7,4.0,2.1,84,22.6
93,Manish93,19,Male,7136,664,8.8,2.3,0.3,88,19.2
94,Priya94,22,Female,16434,820,8.9,1.3,2.3,76,22.1
95,Kirti95,20,Female,13766,840,8.4,2.5,0.9,91,28.5
96,Shubham96,20,Male,10692,796,7.6,2.1,0.7,65,23.2
97,Sumit97,21,Male,17538,320,7.6,4.6,0.1,63,21.5
98,Payal98,22,Female,11001,693,6.4,3.7,0.5,71,18.9
99,Pallavi99,25,Female,19307,747,5.1,2.8,0.8,76,26.0
100,Tanya100,35,Female,8176,225,6.5,2.4,1.8,100,29.5
101,Komal101,27,Female,9527,543,8.3,1.4,1.1,82,24.9
102,Priya102,30,Female,11994,158,7.0,3.7,2.2,63,28.9
103,Tanya103,25,Female,14544,374,7.4,3.5,2.0,68,25.5
104,Nikhil104,32,Male,4093,743,6.1,1.5,2.7,80,27.0
105,Raj105,22,Male,14988,693,6.8,2.1,0.5,90,29.6
106,Chhavi106,28,Female,6773,629,8.8,1.6,2.9,85,29.6
107,Kavya107,30,Female,3456,420,6.9,2.8,2.0,76,25.0
108,Anjali108,25,Female,18449,175,7.3,4.8,1.0,99,20.7
109,Mohit109,32,Male,12902,814,6.3,1.6,2.8,79,30.0
110,Rohit110,25,Male,7445,547,6.5,3.7,2.2,94,23.0
111,Abhishek111,21,Male,19034,780,6.3,4.8,0.1,83,20.6
112,Riya112,29,Female,6255,852,6.2,4.6,1.9,63,22.8
113,Rohit113,32,Male,6003,828,5.5,3.6,2.9,63,27.4
114,Vikas114,24,Male,5248,717,5.4,1.9,2.6,81,27.3
115,Varun115,22,Male,7259,703,5.6,1.7,2.0,61,19.6
116,Riya116,28,Female,3517,328,5.7,1.5,1.3,67,26.9
117,Komal117,29,Female,19817,757,5.0,3.0,2.8,62,26.7
118,Komal118,18,Female,4993,640,8.3,2.7,0.3,88,18.9
119,Deepak119,22,Male,5152,279,5.7,3.5,1.6,80,22.6
120,Komal120,34,Female,17096,251,8.1,1.5,2.0,95,26.7
121,Abhishek121,32,Male,10487,573,6.0,2.8,1.2,66,21.8
122,Sakshi122,26,Female,15265,306,7.6,2.9,0.3,65,19.1
123,Ayush123,29,Male,7263,719,4.8,4.8,1.7,67,22.9
124,Chhavi124,19,Female,12425,764,5.9,1.4,1.5,69,25.9
125,Rohit125,29,Male,15044,267,7.9,3.3,2.4,95,29.7
126,Shubham126,26,Male,3948,334,5.7,4.0,2.8,82,18.1
127,Ramesh127,30,Male,5280,295,7.8,4.9,0.3,93,20.6
128,Komal128,28,Female,8157,528,5.9,2.3,2.8,98,19.0
129,Vikas129,23,Male,4630,840,4.9,2.8,1.3,98,23.3
130,Pooja130,34,Female,6729,503,6.4,2.1,2.0,91,24.3
131,Sneha131,25,Female,15951,763,4.7,1.8,2.8,68,27.2
132,Shreya132,21,Female,3253,659,7.9,1.7,1.1,74,24.0
133,Kavya133,30,Female,4386,596,4.6,4.7,2.6,96,23.2
134,Preeti134,31,Female,12486,267,6.3,4.9,0.5,99,23.5
135,Kavya135,31,Female,6468,399,6.5,2.6,0.2,79,26.9
136,Deepak136,23,Male,5502,672,7.3,3.1,0.6,82,22.2
137,Aditya137,21,Male,7798,412,5.4,3.4,2.3,64,20.1
138,Komal138,32,Female,13590,792,5.9,2.8,1.4,100,21.6
139,Divya139,19,Female,14532,669,4.8,2.8,0.1,83,28.0
140,Mohit140,20,Male,19615,543,6.6,3.2,2.4,62,23.4
141,Deepak141,33,Male,19428,304,8.8,2.8,2.4,81,29.8
142,Akash142,23,Male,4282,403,7.7,5.0,1.6,99,19.9
143,Tanya143,30,Female,16394,496,7.6,1.2,1.9,81,18.8
144,Vivek144,30,Male,12310,408,7.8,3.6,2.7,69,22.0
145,Yash145,27,Male,15843,282,7.2,4.8,0.9,84,25.7
146,Neha146,34,Female,6062,811,7.5,3.0,0.1,79,20.2
147,Deepak147,33,Male,9291,381,9.0,1.6,0.9,66,24.1
148,Rajat148,28,Male,7294,761,6.2,1.6,2.5,99,27.7
149,Ayush149,32,Male,4431,570,6.1,3.9,2.9,99,21.4
150,Riya150,35,Female,10837,466,8.8,4.1,2.7,72,22.4
151,Komal151,27,Female,15513,664,6.9,4.9,2.5,98,19.7
152,Sneha152,33,Female,15163,717,8.7,3.8,1.5,67,21.4
153,Varun153,32,Male,19821,300,8.2,1.4,2.7,88,28.6
154,Abhishek154,19,Male,15991,664,6.2,2.5,0.2,74,18.3
155,Naveen155,28,Male,7785,290,4.7,4.7,1.4,68,27.1
156,Komal156,18,Female,5596,169,5.7,4.3,1.6,98,24.3
157,Sumit157,27,Male,10786,458,5.0,2.0,1.9,99,23.5
158,Manish158,35,Male,3538,797,6.8,2.0,0.4,87,18.0
159,Riya159,31,Female,9137,830,7.5,3.1,1.1,93,24.5
160,Harsh160,33,Male,4426,800,6.2,2.5,2.2,82,27.5
161,Riya161,21,Female,13895,286,4.7,3.2,2.4,71,28.0
162,Preeti162,33,Female,8972,288,4.8,4.1,1.4,78,20.4
163,Rahul163,28,Male,13160,677,6.3,4.3,1.4,62,27.0
164,Nikhil164,29,Male,4566,821,6.0,1.5,1.1,85,26.9
165,Shreya165,23,Female,19259,858,6.7,4.7,1.6,65,26.7
166,Abhishek166,23,Male,12626,478,5.0,2.3,0.9,88,25.2
167,Meera167,32,Female,14519,607,4.7,4.5,1.1,87,21.3
168,Arjun168,30,Male,14904,675,8.1,3.7,2.9,69,28.2
169,Sneha169,22,Female,5203,391,8.0,2.5,1.1,96,18.4
170,Rajat170,32,Male,15155,530,6.5,1.3,0.4,83,22.8
171,Riya171,21,Female,3849,340,6.7,2.5,1.7,76,27.3
172,Pooja172,27,Female,19095,354,5.1,4.4,1.4,88,30.0
173,Sakshi173,29,Female,5127,713,6.9,4.6,2.6,100,20.1
174,Sonal174,25,Female,6976,355,8.1,1.9,1.5,83,24.6
175,Komal175,35,Female,7252,776,8.5,1.3,1.2,90,24.3
176,Divya176,20,Female,7106,474,7.4,2.8,2.0,82,19.5
177,Sumit177,22,Male,17176,664,8.6,1.2,0.4,69,21.6
178,Deepak178,25,Male,14338,681,8.5,4.4,0.8,100,29.5
179,Neha179,27,Female,6061,664,7.4,3.4,1.7,70,25.9
180,Divya180,19,Female,3929,233,4.7,3.6,1.7,73,27.2
181,Pallavi181,18,Female,19319,792,7.0,3.6,0.9,75,27.7
182,Tanya182,32,Female,5391,855,4.8,2.8,1.5,73,22.1
183,Deepak183,28,Male,14317,558,5.1,2.5,1.7,80,20.9
184,Varun184,32,Male,11123,294,4.9,2.2,1.2,99,23.0
185,Deepak185,28,Male,9220,313,6.7,3.1,1.5,79,24.0
186,Harsh186,34,Male,17982,396,5.5,2.4,0.2,91,25.2
187,Tanya187,35,Female,3267,260,6.4,4.5,2.2,85,22.4
188,Sneha188,35,Female,9378,521,7.0,1.3,1.5,95,21.4
189,Vikas189,21,Male,15907,532,8.1,2.4,2.8,69,20.4
190,Sonal190,19,Female,4484,189,5.1,2.3,1.4,89,19.8
191,Deepak191,28,Male,8324,552,9.0,4.0,0.9,81,24.1
192,Preeti192,27,Female,18561,167,6.2,3.7,2.9,97,21.7
193,Shubham193,33,Male,11700,821,8.0,4.1,1.7,63,25.0
194,Akash194,30,Male,7842,847,5.6,3.3,2.1,72,18.2
195,Payal195,22,Female,16531,857,5.4,3.0,1.8,90,28.5
196,Naveen196,22,Male,19996,362,7.0,5.0,1.4,84,21.8
197,Sachin197,35,Male,14217,709,6.1,4.1,2.2,76,25.3
198,Aditya198,26,Male,12781,380,8.7,4.9,2.3,73,26.3
199,Shreya199,33,Female,14429,723,8.7,4.2,0.8,67,24.9
200,Isha200,29,Female,7799,447,4.7,4.8,0.2,88,25.9
